image_width: 640
image_height: 480
camera_name: vector_right
camera_matrix:
  rows: 3
  cols: 3
  data: [327.48497, 0, 318.53477, 0, 327.55395, 230.96356, 0, 0, 1]
distortion_model: plumb_bob
distortion_coefficients:
  rows: 1
  cols: 4
  data: [-0.026300,0.037995, -0.000513, 0.000167]
rectification_matrix:
  rows: 3
  cols: 3
  data: [1, 0.0, 0.0,
         0, 1, 0.0,
         0, 0, 1]
projection_matrix:
  rows: 3
  cols: 4
  data: [340.15796, 0, 318.8504, -55.59, 0, 339.86279, 231.17667, 0, 0, 0, 1, 0]
T_right_left:
  rows: 3
  cols: 4
  data: [0.99968000, 0.02003827, 0.01543954,-0.17017710,
          -0.02001880, 0.99979861, -0.00141440,0.00146904,
          -0.01546477, 0.00110486, 0.99987980,0.00486952]