image_width: 346
image_height: 260
camera_name: hku_DAVIS346_left
camera_matrix:
  rows: 3
  cols: 3
  data: [249.69341447817564, 0.0, 176.74240257052816, 0.0, 248.41625664694038, 129.47631010746218, 0.0, 0.0, 1.0]
distortion_model: plumb_bob
distortion_coefficients:
  rows: 1
  cols: 4
  data: [-0.3794794654640921, 0.15393049046270296, 0.0011400586965363895, -0.0019042695753031854]
rectification_matrix:
  rows: 3
  cols: 3
  data: [1, 0.0, 0.0,
         0, 1, 0.0,
         0, 0, 1]
projection_matrix:
  rows: 3
  cols: 4
  data: [249.69341447817564, 0.0, 176.74240257052816,0, 0.0, 248.41625664694038, 129.47631010746218,0, 0, 0, 1,0]
T_right_left:
  rows: 3
  cols: 4
  data: [0.9999189999842378, 0.00927392731970859, -0.00871709484799569,-0.05968052204060377,
          -0.009231577824269699, 0.9999454511978819, 0.004885959428529005,-0.0005334476469976882, 
          0.008761931373541011, -0.004805091126247473, 0.9999500685823629, 0.0005990728587972945]