image_width: 346
image_height: 260
camera_name: hku_DAVIS346_right
camera_matrix:
  rows: 3
  cols: 3
  data: [258.61441518089174, 0, 178.44356547141308, 0, 258.00363445501824, 135.84792628403616, 0, 0, 1]
distortion_model: plumb_bob
distortion_coefficients:
  rows: 1
  cols: 4
  data: [-0.3864639588089853,0.1707517912637013, -0.00046695742172563157, 0.0006610867041757214]
rectification_matrix:
  rows: 3
  cols: 3
  data: [1, 0.0, 0.0,
         0, 1, 0.0,
         0, 0, 1]
projection_matrix:
  rows: 3
  cols: 4
  data: [258.61441518089174, 0, 178.44356547141308, -15, 0, 258.00363445501824, 135.84792628403616, 0, 0, 0, 1, 0]
T_right_left:
  rows: 3
  cols: 4
  data: [0.9999189999842378, 0.00927392731970859, -0.00871709484799569,-0.05968052204060377,
          -0.009231577824269699, 0.9999454511978819, 0.004885959428529005,-0.0005334476469976882, 
          0.008761931373541011, -0.004805091126247473, 0.9999500685823629, 0.0005990728587972945]